gTime, gaiaPos, rGaiaFromStar, hk , ae1s, ae2s, ae3s, cosPsii[0], cosPsii[1], cosPsii[2]
2012-01-04T11:29:32.322 (TCB)	(-3.4987267583143394E10, 1.3234172165396992E11, 5.736144055922169E10)	(4.2666977354819258E17, 7.5484346644296115E17, -4.1134885413871258E17)	(0.44458192081378645, 0.7865327227836296, -0.42861781515892794)	(0.4548176577451362, -0.8224725656728009, 0.34158418867588025)	(-0.8838513872015968, -0.3697827804019565, 0.2864740991424209)	(-0.10930513965449036, -0.4322031404449335, -0.8951272606484011)	0.5910424802758331	0.8066255621977138	0.004897848365635156
2012-01-04T11:29:37.177 (TCB)	(-3.498741246180789E10, 1.3234168995071024E11, 5.7361427022779015E10)	(4.266697735479113E17, 7.548434664426592E17, -4.1134885413858394E17)	(0.44458192081369746, 0.7865327227836686, -0.42861781515894887)	(0.4535697523065974, -0.8229934662972146, 0.34198861859881086)	(-0.8844929007428514, -0.3686233007502244, 0.2859880408461331)	(-0.10930131901248703, -0.43220203279574376, -0.8951282619996979)	0.5921803942412056	0.8057905566134328	0.004894849225826892
2012-01-04T11:29:42.032 (TCB)	(-3.4987557340436874E10, 1.3234165824732004E11, 5.736141348627975E10)	(4.2666977354763014E17, 7.5484346644235699E17, -4.113488541384553E17)	(0.44458192081360864, 0.7865327227837073, -0.42861781515896974)	(0.45232094202851736, -0.8235127323452786, 0.3423923569330066)	(-0.8851326523539893, -0.3674630873238207, 0.28550141160205295)	(-0.1092974983659891, -0.4322009251451596, -0.8951292633334186)	0.5933171285353657	0.8049539457566751	0.004891850090456363
2012-01-04T11:29:46.887 (TCB)	(-3.498770221903014E10, 1.3234162654379929E11, 5.736139994972397E10)	(4.2666977354734886E17, 7.5484346644205491E17, -4.1134885413832666E17)	(0.44458192081351966, 0.7865327227837461, -0.42861781515899067)	(0.4510712294006762, -0.8240303627825006, 0.3427954028717729)	(-0.885770640757701, -0.3663021424289802, 0.28501421239501284)	(-0.10929367771507512, -0.43219981749320024, -0.8951302646495441)	0.5944526808918431	0.8041157312954367	0.00488885095958186
2012-01-04T11:29:51.742 (TCB)	(-3.49878470975877E10, 1.3234159484014804E11, 5.736138641311163E10)	(4.2666977354706758E17, 7.5484346644175283E17, -4.1134885413819795E17)	(0.4445819208134308, 0.786532722783785, -0.42861781515901154)	(0.4498206169126105, -0.8245463565784744, 0.3431977556105193)	(-0.8864068646812666, -0.36514046837157693, 0.2845264442100076)	(-0.10928985705962022, -0.43219870983984743, -0.8951312659480988)	0.5955870490483923	0.8032759148995393	0.004885851833123328
2012-01-04T11:29:56.597 (TCB)	(-3.498799197610976E10, 1.3234156313636621E11, 5.7361372876442726E10)	(4.2666977354678637E17, 7.5484346644145075E17, -4.1134885413806938E17)	(0.44458192081334186, 0.7865327227838237, -0.4286178151590324)	(0.4485691070535395, -0.8250607127069371, 0.3435994143466731)	(-0.8870413228565203, -0.3639780674568703, 0.28403810803257395)	(-0.10928603639974889, -0.4321976021851195, -0.8951322672290585)	0.5967202307470311	0.802434498240579	0.004882852711160487
2012-01-04T11:30:01.452 (TCB)	(-3.4988136854596115E10, 1.323415314324539E11, 5.7361359339717285E10)	(4.2666977354650515E17, 7.5484346644114854E17, -4.1134885413794067E17)	(0.44458192081325304, 0.7865327227838625, -0.42861781515905334)	(0.4473167023186244, -0.8255734301431548, 0.34400037827776125)	(-0.887674014016728, -0.36281494199551023, 0.2835492048508148)	(-0.10928221573539863, -0.4321964945289907, -0.8951332684924428)	0.5978522237283816	0.8015914829961285	0.00487985359363716
2012-01-04T11:30:06.308 (TCB)	(-3.498828173304673E10, 1.3234149972841106E11, 5.736134580293532E10)	(4.2666977354622387E17, 7.5484346644084659E17, -4.1134885413781203E17)	(0.44458192081316406, 0.7865327227839015, -0.42861781515907427)	(0.44606340520277116, -0.8260845078664849, 0.34440064660339154)	(-0.8883049368997071, -0.3616510942976449, 0.28305973565326303)	(-0.10927839506658614, -0.43219538687148795, -0.8951342697382373)	0.5989830257372891	0.8007468708455727	0.004876854480588041
2012-01-04T11:30:11.163 (TCB)	(-3.498842661146186E10, 1.3234146802423763E11, 5.736133226609677E10)	(4.2666977354594266E17, 7.5484346644054438E17, -4.1134885413768339E17)	(0.44458192081307524, 0.7865327227839404, -0.42861781515909514)	(0.44480921820057584, -0.8265939448604, 0.3448002185252153)	(-0.8889340902478466, -0.36048652667294573, 0.28256970142872)	(-0.10927457439328861, -0.43219427921259346, -0.8951352709664531)	0.6001126345228479	0.7999006634700707	0.0048738553719843165
2012-01-04T11:30:42.894 (TCB)	(-3.498937347426727E10, 1.3234126081603435E11, 5.73612437936868E10)	(3.9275654418580557E17, 6.5745569060566259E17, -3.7087644898902272E17)	(0.46157009709276636, 0.7726462470559744, -0.43585646969571384)	(0.43659064765152944, -0.8298829351705267, 0.3473944461513251)	(-0.8930023070638811, -0.35285784241405715, 0.2793532021633454)	(-0.10924960398821172, -0.43218703999121627, -0.8951418141350798)	0.5910395392825982	0.8066219473988909	-0.005770353458346982
2012-01-04T11:30:47.749 (TCB)	(-3.498951834939841E10, 1.323412291115372E11, 5.736123025670388E10)	(3.9275654418549024E17, 6.5745569060532301E17, -3.7087644898886406E17)	(0.46157009709266444, 0.7726462470560198, -0.4358564696957411)	(0.43532986157954723, -0.83037996560797, 0.3477887365158309)	(-0.8936180730294065, -0.351687948580506, 0.27885895237462516)	(-0.10924578336079827, -0.43218593234494246, -0.8951428152099483)	0.5921774290078565	0.8057869199232902	-0.005773409233781935
2012-01-04T11:30:52.604 (TCB)	(-3.498966322449405E10, 1.3234119740690948E11, 5.736121671966441E10)	(3.9275654418517485E17, 6.5745569060498342E17, -3.7087644898870547E17)	(0.4615700970925626, 0.7726462470560652, -0.4358564696957685)	(0.4340682070395173, -0.8308753468336164, 0.3481823237433378)	(-0.8942320589345935, -0.35051735463772793, 0.27836414607481286)	(-0.10924196272891207, -0.4321848246972771, -0.8951438162672374)	0.5933141389941359	0.804950287236234	-0.0057764650046950704
2012-01-04T11:30:57.459 (TCB)	(-3.498980809955398E10, 1.3234116570215123E11, 5.7361203182568405E10)	(3.9275654418485939E17, 6.5745569060464384E17, -3.7087644898854688E17)	(0.46157009709246055, 0.7726462470561106, -0.435856469695796)	(0.43280568654676416, -0.8313690778604849, 0.34857520704773687)	(-0.8948442635535597, -0.3493460629125757, 0.2778687842649716)	(-0.10923814209255989, -0.4321837170482286, -0.8951448173069422)	0.5944496669750883	0.8041120510058668	-0.005779520771074842
2012-01-04T11:31:02.314 (TCB)	(-3.4989952974578415E10, 1.3234113399726245E11, 5.736118964541583E10)	(3.9275654418454406E17, 6.5745569060430413E17, -3.7087644898838829E17)	(0.46157009709235874, 0.7726462470561559, -0.4358564696958235)	(0.4315423026141853, -0.8318611577065017, 0.34896738564563023)	(-0.8954546856659943, -0.34817407572943987, 0.2773728679456382)	(-0.10923432145173323, -0.432182609397794, -0.8951458183290647)	0.595584010690459	0.8032722129007746	-0.005782576532928023
2012-01-04T11:31:07.169 (TCB)	(-3.499009784956715E10, 1.3234110229224315E11, 5.736117610820672E10)	(3.9275654418422867E17, 6.5745569060396467E17, -3.7087644898822963E17)	(0.4615700970922567, 0.7726462470562013, -0.43585646969585073)	(0.4302780577605313, -0.8323515853912613, 0.34935885875376077)	(-0.8960633240531349, -0.3470013954179263, 0.27687639812008047)	(-0.1092305008064392, -0.432181501745976, -0.8951468193336032)	0.596717167878641	0.8024307745954758	-0.005785632290248452
2012-01-04T11:31:12.024 (TCB)	(-3.499024272452012E10, 1.3234107058709335E11, 5.736116257094108E10)	(3.9275654418391322E17, 6.5745569060362496E17, -3.7087644898807104E17)	(0.46157009709215485, 0.7726462470562467, -0.4358564696958783)	(0.4290129545041987, -0.8328403599384533, 0.3497496255909374)	(-0.8966701775007773, -0.34582802430709336, 0.27637937579186783)	(-0.10922668015669118, -0.43218039409277365, -0.8951478203205566)	0.5978491362822561	0.8015877377663035	-0.005788688043030627
2012-01-04T11:31:16.879 (TCB)	(-3.49903875994374E10, 1.3234103888181303E11, 5.73611490336189E10)	(3.9275654418359789E17, 6.5745569060328538E17, -3.7087644898791245E17)	(0.461570097092053, 0.7726462470562921, -0.4358564696959057)	(0.4277469953653085, -0.8333274803750439, 0.35013968537739665)	(-0.8972752447982707, -0.3446539647273962, 0.27588180196565804)	(-0.1092228595024812, -0.4321792864381827, -0.8951488212899276)	0.5989799136462832	0.8007431040927838	-0.005791743791282272
2012-01-04T11:31:21.734 (TCB)	(-3.499053247431917E10, 1.3234100717640218E11, 5.736113549624014E10)	(3.927565441832825E17, 6.5745569060294579E17, -3.7087644898775386E17)	(0.46157009709195107, 0.7726462470563374, -0.4358564696959331)	(0.42648018286359807, -0.833812945732081, 0.3505290373354547)	(-0.8978785247395157, -0.3434792190087171, 0.2753836776463903)	(-0.10921903884379562, -0.43217817878220594, -0.8951498222417165)	0.6001094977199386	0.7998968752562242	-0.005794799535007879
2012-01-04T07:17:03.726 (TCB)	(-3.453505850005192E10, 1.3244000331300928E11, 5.7403400231294426E10)	(3.9275654517465094E17, 6.5745569166960346E17, -3.7087644948648954E17)	(0.46157009741238997, 0.7726462469132926, -0.43585646961034835)	(-0.9787739798079118, -0.0971441540671267, 0.18045636445916308)	(-0.16526079972686955, 0.8948575517735174, -0.4146309325300742)	(-0.12120377283373389, -0.4356523337811241, -0.891917412377307)	0.6055463823365949	-0.7958007949859635	0.0038306055356776385
2012-01-04T07:17:08.581 (TCB)	(-3.4535203486206024E10, 1.3243997201785193E11, 5.7403386871639595E10)	(3.9275654517433549E17, 6.5745569166926413E17, -3.7087644948633075E17)	(0.461570097412288, 0.7726462469133383, -0.4358564696103754)	(-0.9790067478016458, -0.0958827731622124, 0.17986737131038247)	(-0.16387905869510092, 0.8949941227323763, -0.41488450742184135)	(-0.12119996660297454, -0.43565123051551585, -0.8919184684855664)	0.6044225706710529	-0.7966546968624825	0.0038275358053094567
2012-01-04T07:17:13.437 (TCB)	(-3.453534847232486E10, 1.3243994072256398E11, 5.7403373511928185E10)	(3.927565451740199E17, 6.5745569166892506E17, -3.7087644948617197E17)	(0.4615700974121859, 0.7726462469133841, -0.43585646961040236)	(-0.979237565166844, -0.09462120026186988, 0.17927802185404182)	(-0.16249698982683677, 0.8951289156617749, -0.4151372456743877)	(-0.12119616036753329, -0.4356501272485031, -0.8919195245762895)	0.6032975548855126	-0.7975070117111002	0.003824466079337854
2012-01-04T07:17:18.292 (TCB)	(-3.4535493458408424E10, 1.324399094271454E11, 5.740336015216018E10)	(3.9275654517370445E17, 6.5745569166858573E17, -3.7087644948601318E17)	(0.46157009741208405, 0.7726462469134298, -0.4358564696104295)	(-0.9794664314418008, -0.09335943787239705, 0.17868831727845616)	(-0.16111459587582314, 0.8952619302918108, -0.41538914678706684)	(-0.12119235412737438, -0.43564902398007666, -0.8919205806494863)	0.6021713372211466	-0.7983577378338439	0.003821396357734627
2012-01-04T07:17:23.147 (TCB)	(-3.453563844445696E10, 1.3243987813159619E11, 5.7403346792335594E10)	(3.9275654517338893E17, 6.5745569166824666E17, -3.708764494858544E17)	(0.46157009741198196, 0.7726462469134754, -0.4358564696104565)	(-0.9796933461690586, -0.09209748849844844, 0.1780982587717037)	(-0.15973187959424467, 0.8953931663563147, -0.41564021026133796)	(-0.1211885478824584, -0.43564792071024255, -0.8919216367051589)	0.6010439199197154	-0.799206873537264	0.003818326640485451
2012-01-04T07:17:28.002 (TCB)	(-3.453578343047044E10, 1.3243984683591624E11, 5.740333343245436E10)	(3.9275654517307341E17, 6.5745569166790733E17, -3.7087644948569562E17)	(0.46157009741188, 0.772646246913521, -0.43585646961048363)	(-0.9799183088946701, -0.09083535464701281, 0.17750784752357668)	(-0.15834884373711813, 0.8955226235924421, -0.41589043559993233)	(-0.12118474163284201, -0.43564681743900213, -0.8919226927432989)	0.5999153052271519	-0.8000544171297277	0.003815256927621083
2012-01-04T07:17:32.857 (TCB)	(-3.4535928416448425E10, 1.3243981554010574E11, 5.740332007251659E10)	(3.9275654517275789E17, 6.5745569166756826E17, -3.7087644948553683E17)	(0.46157009741177796, 0.7726462469135668, -0.43585646961051067)	(-0.9801413191678502, -0.08957303882966093, 0.17691708472646486)	(-0.15696549106468308, 0.8956503017404672, -0.41613982230643803)	(-0.12118093537853042, -0.43564571416634496, -0.8919237487639108)	0.5987854953955196	-0.8009003669199732	0.0038121872191342536
2012-01-04T07:17:37.712 (TCB)	(-3.453607340239137E10, 1.324397842441646E11, 5.740330671252222E10)	(3.9275654517244237E17, 6.5745569166722893E17, -3.7087644948537805E17)	(0.46157009741167604, 0.7726462469136124, -0.4358564696105377)	(-0.9803623765431745, -0.08831054355005699, 0.17632597156956642)	(-0.1555818243287461, 0.8957762005450245, -0.41638836988780603)	(-0.12117712911948236, -0.43564461089228645, -0.8919248047669924)	0.5976544926718578	-0.801744721225466	0.0038091175150184067
2012-01-04T07:17:42.567 (TCB)	(-3.453621838829927E10, 1.3243975294809274E11, 5.740329335247124E10)	(3.9275654517212691E17, 6.5745569166688986E17, -3.708764494852192E17)	(0.46157009741157395, 0.7726462469136581, -0.43585646961056457)	(-0.9805814805783709, -0.08704787131633285, 0.17573450924471473)	(-0.15419784628624766, 0.8959003197538759, -0.41663607785182744)	(-0.12117332285569263, -0.43564350761681336, -0.8919258607525514)	0.5965222993092607	-0.8025874783640846	0.0038060478152578893
2012-01-04T07:16:28.266 (TCB)	(-3.453399955905941E10, 1.324402318804708E11, 5.740349780490866E10)	(1.3953761061911224E24, 2.3957415160258827E24, -1.354531006457484E24)	(0.4522106219646525, 0.7764069448091996, -0.4389736315885773)	(-0.977014798193168, -0.10635088366574826, 0.1847472959046975)	(-0.17534246489367222, 0.8938061832505628, -0.41275356678578295)	(-0.12123157237750844, -0.4356603916940342, -0.8919096983147561)	0.6055501831531657	-0.7958055603194969	0.0015766571404978917
2012-01-04T07:16:33.121 (TCB)	(-3.453414454483968E10, 1.3244020058640378E11, 5.740348444572531E10)	(1.3953761061911834E24, 2.3957415160258913E24, -1.3545310064574063E24)	(0.45221062196468287, 0.7764069448092137, -0.4389736315885213)	(-0.9772617976157824, -0.10509098649572408, 0.18416094365448107)	(-0.17396320774234464, 0.8939557312947144, -0.41301323579649885)	(-0.12122776619779639, -0.43565928844352064, -0.8919107545464402)	0.6044263605497358	-0.7966594620078511	0.0015736155698148153
2012-01-04T07:16:37.976 (TCB)	(-3.4534289530584694E10, 1.3244016929220618E11, 5.740347108648536E10)	(1.395376106191244E24, 2.3957415160258996E24, -1.3545310064573287E24)	(0.4522106219647132, 0.7764069448092275, -0.4389736315884654)	(-0.9775068499168491, -0.10383087903876809, 0.18357422644201524)	(-0.17258360266504724, 0.894103503403284, -0.4132720718829041)	(-0.12122396001340333, -0.4356581851916023, -0.8919118107605886)	0.6033013338345039	-0.7975117766470956	0.0015705740036211857
2012-01-04T07:16:42.831 (TCB)	(-3.45344345162949E10, 1.324401379978778E11, 5.740345772718879E10)	(1.3953761061913047E24, 2.3957415160259082E24, -1.354531006457251E24)	(0.4522106219647436, 0.7764069448092416, -0.4389736315884095)	(-0.9777499546071009, -0.10257056379411876, 0.18298714544842914)	(-0.17120365240606059, 0.8942494992810583, -0.41353007453291124)	(-0.12122015382423718, -0.43565708193826863, -0.8919128669572188)	0.6021751052449937	-0.7983625025420621	0.001567532441859654
2012-01-04T07:16:47.686 (TCB)	(-3.453457950196959E10, 1.3244010670341888E11, 5.7403444367835655E10)	(1.3953761061913656E24, 2.3957415160259168E24, -1.3545310064571733E24)	(0.45221062196477385, 0.7764069448092553, -0.43897363158835356)	(-0.9779911111991361, -0.10131004327171313, 0.18239970186052115)	(-0.1698233597216825, 0.8943937186351549, -0.4137872432339891)	(-0.12121634763037983, -0.435655978683527, -0.8919139231363161)	0.6010476770303675	-0.7992116379937608	0.001564490884579519
2012-01-04T07:16:52.541 (TCB)	(-3.453472448760924E10, 1.3244007540882927E11, 5.740343100842591E10)	(1.3953761061914263E24, 2.395741516025925E24, -1.3545310064570957E24)	(0.4522106219648042, 0.7764069448092692, -0.43897363158829766)	(-0.978230319211441, -0.10004931997156337, 0.1818118968609165)	(-0.1684427273575461, 0.8945361611774156, -0.4140435774774157)	(-0.12121254143181212, -0.43565487542737563, -0.8919149792978843)	0.5999190514329144	-0.8000591813133671	0.0015614493317687899
2012-01-04T07:16:57.396 (TCB)	(-3.453486947321365E10, 1.3244004411410907E11, 5.740341764895958E10)	(1.3953761061914872E24, 2.3957415160259337E24, -1.354531006457018E24)	(0.4522106219648346, 0.7764069448092831, -0.43897363158824165)	(-0.9784675781651898, -0.09878839640036285, 0.18122373163584293)	(-0.1670617580668192, 0.8946768266224977, -0.41429907675487443)	(-0.12120873522849981, -0.4356537721698145, -0.8919160354419278)	0.5987892307029062	-0.8009051308110106	0.0015584077834103667
2012-01-04T07:17:02.252 (TCB)	(-3.453501445878275E10, 1.3244001281925824E11, 5.740340428943666E10)	(1.395376106191548E24, 2.3957415160259423E24, -1.3545310064569403E24)	(0.4522106219648649, 0.7764069448092971, -0.43897363158818575)	(-0.9787028875858371, -0.0975272750630663, 0.18063520737131508)	(-0.16568045460103042, 0.8948157146888294, -0.41455374056015987)	(-0.12120492902046541, -0.43565266891084514, -0.8919170915684428)	0.597658217091108	-0.8017494848014174	0.001555366239517129
2012-01-04T07:17:07.107 (TCB)	(-3.453515944431683E10, 1.3243998152427675E11, 5.740339092985714E10)	(1.3953761061916088E24, 2.3957415160259506E24, -1.3545310064568627E24)	(0.45221062196489525, 0.7764069448093109, -0.43897363158812985)	(-0.9789362470031101, -0.09626595846291529, 0.18004632525308226)	(-0.16429881971006982, 0.8949528250986026, -0.414807568389171)	(-0.1212011228077332, -0.4356515656504639, -0.8919181476774276)	0.5965260128487707	-0.8025922416039002	0.0015523247000978494
2012-01-04T11:31:09.155 (TCB)	(-3.499015712985491E10, 1.323410893190691E11, 5.736117056900248E10)	(4.3460698404840659E17, 7.1427416687188019E17, -4.0185317527450291E17)	(0.46849715189227165, 0.7699724266664347, -0.43318924344649823)	(0.42976050336934357, -0.8325517832220867, 0.3495188390883461)	(-0.896311853639069, -0.3465213559592934, 0.276673092049744)	(-0.10922893746428755, -0.4321810485139293, -0.8951472289219886)	0.5910451515560052	0.8066295315438301	-0.0037983764321118784
2012-01-04T11:31:14.010 (TCB)	(-3.499030200536113E10, 1.3234105761374165E11, 5.736115703166063E10)	(4.3460698404814982E17, 7.1427416687166426E17, -4.0185317527442317E17)	(0.46849715189216645, 0.7699724266664798, -0.4331892434465317)	(0.4284950446346108, -0.8330398829635768, 0.34990931823605786)	(-0.8969179787437943, -0.34534769825589107, 0.2761758419866992)	(-0.10922511679772208, -0.432179940855814, -0.8951482299056746)	0.5921830555037416	0.8057945009300694	-0.003801453026314308
2012-01-04T11:31:18.865 (TCB)	(-3.499044688083163E10, 1.3234102590828363E11, 5.736114349426226E10)	(4.3460698404789312E17, 7.1427416687144819E17, -4.0185317527434349E17)	(0.4684971518920614, 0.7699724266665248, -0.4331892434465653)	(0.42722873104229864, -0.8335263281842972, 0.3502990900088509)	(-0.8975223171900107, -0.3441733530321901, 0.2756780408327821)	(-0.10922129612673301, -0.4321788331963207, -0.8951492308717679)	0.5933197797128388	0.8049578650810915	-0.00380452961603
2012-01-04T11:31:23.720 (TCB)	(-3.499059175626635E10, 1.3234099420269513E11, 5.7361129956807335E10)	(4.3460698404763648E17, 7.1427416687123213E17, -4.0185317527426374E17)	(0.46849715189195656, 0.7699724266665697, -0.4331892434465988)	(0.4259615651149872, -0.8340111179158141, 0.350688153628982)	(-0.8981248677720644, -0.34299832262065905, 0.2751796895941454)	(-0.10921747545122677, -0.4321777255354362, -0.8951502318202872)	0.5944553219187665	0.8041196256636635	-0.003807606201320853
2012-01-04T11:31:28.575 (TCB)	(-3.49907366316654E10, 1.3234096249697614E11, 5.736111641929588E10)	(4.3460698404737978E17, 7.1427416687101632E17, -4.0185317527418406E17)	(0.46849715189185137, 0.7699724266666148, -0.4331892434466323)	(0.4246935493769034, -0.8344942511930202, 0.3510765083201125)	(-0.8987256292878691, -0.3418226093550052, 0.2746807892781881)	(-0.10921365477129699, -0.43217661787317285, -0.8951512327512146)	0.5955896798593933	0.8032797843477193	-0.0038106827821257436
2012-01-04T11:31:33.430 (TCB)	(-3.499088150702895E10, 1.3234093079112656E11, 5.736110288172787E10)	(4.3460698404712307E17, 7.1427416687080026E17, -4.0185317527410438E17)	(0.4684971518917464, 0.7699724266666598, -0.43318924344666593)	(0.4234246863519007, -0.8349757270548701, 0.3514641533079945)	(-0.8993246005398915, -0.3406462155684341, 0.27418134089246465)	(-0.1092098340868944, -0.4321755102095179, -0.895152233664562)	0.5967228512767953	0.8024383428050068	-0.003813759358482922
2012-01-04T11:31:38.285 (TCB)	(-3.499102638235678E10, 1.3234089908514648E11, 5.736108934410332E10)	(4.3460698404686637E17, 7.1427416687058419E17, -4.018531752740247E17)	(0.4684971518916413, 0.7699724266667046, -0.4331892434466994)	(0.422154978569722, -0.8354555445420118, 0.35185108781853625)	(-0.8999217803321751, -0.33946914359937697, 0.2736813454473202)	(-0.10920601339802445, -0.4321744025444854, -0.8951532345603228)	0.5978548339116614	0.8015953027132453	-0.003816835930375959
2012-01-04T11:31:43.141 (TCB)	(-3.499117125764886E10, 1.323408673790359E11, 5.736107580642221E10)	(4.3460698404660966E17, 7.1427416687036813E17, -4.0185317527394502E17)	(0.46849715189153635, 0.7699724266667497, -0.43318924344673304)	(0.4208844285596686, -0.8359337026992069, 0.3522373110797118)	(-0.900517167473341, -0.33829139578565237, 0.27318080395334166)	(-0.1092021927046821, -0.4321732948780613, -0.8951542354385036)	0.5989856255089483	0.8007506657519318	-0.0038199124978209502
2012-01-04T11:31:47.996 (TCB)	(-3.4991316132905495E10, 1.3234083567279474E11, 5.7361062268684555E10)	(4.3460698404635296E17, 7.1427416687015232E17, -4.0185317527386528E17)	(0.46849715189143126, 0.7699724266667949, -0.4331892434467665)	(0.4196130388506694, -0.8364102005752726, 0.35262282232157544)	(-0.9011107607765378, -0.3371129744645116, 0.2726797174214113)	(-0.10919837200686298, -0.4321721872102554, -0.8951552362991004)	0.6001152238178119	0.7999044336023755	-0.0038229890608105148
2012-01-04T07:17:29.929 (TCB)	(-3.453584098882403E10, 1.3243983441172908E11, 5.7403328128665726E10)	(4.3460698485325485E17, 7.1427416754832384E17, -4.0185317552461728E17)	(0.46849715222164956, 0.7699724265249624, -0.43318924334191666)	(-0.9800070760291035, -0.09033424634528131, 0.17727336112188607)	(-0.15779970083570888, 0.8955735238244853, -0.41598954066538196)	(-0.12118323057889273, -0.4356463794481669, -0.8919231119776897)	0.6055403653371115	-0.7957929621796704	0.005867477541649896
2012-01-04T07:17:34.784 (TCB)	(-3.453598597534764E10, 1.3243980311574593E11, 5.7403314768653915E10)	(4.3460698485299802E17, 7.1427416754810829E17, -4.0185317552453741E17)	(0.46849715222154437, 0.7699724265250076, -0.4331892433419498)	(-0.980229311923532, -0.08907185411024031, 0.17668245681078254)	(-0.1564162178125454, 0.8957004961034634, -0.41623859526407464)	(-0.12117942430801466, -0.43564527617070486, -0.8919241679954125)	0.6044165685859386	-0.7966468606485906	0.005864387226566936
2012-01-04T07:17:39.640 (TCB)	(-3.4536130961836E10, 1.3243977181963214E11, 5.7403301408585526E10)	(4.3460698485274125E17, 7.1427416754789261E17, -4.0185317552445747E17)	(0.46849715222143945, 0.769972426525053, -0.43318924334198305)	(-0.9804495947286248, -0.08780928340929538, 0.17609120261123773)	(-0.15503242182013535, 0.8958256889244828, -0.4164868105351251)	(-0.12117561803242068, -0.4356441728918242, -0.891925223995611)	0.6032915677123254	-0.7974991721159773	0.005861296915773139
2012-01-04T07:17:44.495 (TCB)	(-3.453627594828929E10, 1.324397405233877E11, 5.7403288048460526E10)	(4.3460698485248442E17, 7.1427416754767706E17, -4.018531755243776E17)	(0.4684971522213343, 0.7699724265250983, -0.43318924334201625)	(-0.980667924004012, -0.0865465367487225, 0.17549959971439988)	(-0.15364831561347136, 0.8959491020368985, -0.4167341859874212)	(-0.12117181175207199, -0.4356430696115357, -0.8919262799782848)	0.6021653649555816	-0.798349894885215	0.005858206609258621
2012-01-04T07:17:49.350 (TCB)	(-3.453642093470733E10, 1.3243970922701266E11, 5.740327468827894E10)	(4.3460698485222758E17, 7.142741675474615E17, -4.0185317552429779E17)	(0.4684971522212292, 0.7699724265251435, -0.4331892433420495)	(-0.9808842993124949, -0.08528361663923259, 0.1749076493140956)	(-0.15226390195267084, 0.8960707351932063, -0.4169807211307143)	(-0.12116800546701337, -0.4356419663298373, -0.8919273359434289)	0.6010379625610791	-0.7991990272600794	0.00585511630704498
2012-01-04T07:17:54.205 (TCB)	(-3.453656592109033E10, 1.3243967793050688E11, 5.740326132804074E10)	(4.3460698485197075E17, 7.1427416754724595E17, -4.0185317552421792E17)	(0.46849715222112404, 0.7699724265251887, -0.4331892433420826)	(-0.9810987202214849, -0.08402052558772248, 0.17431535260287886)	(-0.15087918359390118, 0.8961905881498389, -0.41722641547727357)	(-0.12116419917726669, -0.4356408630467308, -0.8919283918910395)	0.5999093627728616	-0.8000465675503186	0.005852026009145485
2012-01-04T07:17:59.060 (TCB)	(-3.453671090743805E10, 1.3243964663387051E11, 5.7403247967745964E10)	(4.3460698485171398E17, 7.1427416754703027E17, -4.0185317552413805E17)	(0.46849715222101895, 0.7699724265252339, -0.4331892433421158)	(-0.981311186301579, -0.08275726610569867, 0.17372271077588902)	(-0.14949416329857332, 0.896308660666361, -0.41747126854024)	(-0.12116039288277593, -0.4356397597622148, -0.8919294478211247)	0.5987795678411342	-0.8008925140660131	0.005848935715529323
2012-01-04T07:18:03.915 (TCB)	(-3.4536855893750496E10, 1.3243961533710352E11, 5.74032346073946E10)	(4.3460698485145722E17, 7.1427416754681472E17, -4.0185317552405811E17)	(0.4684971522209139, 0.7699724265252793, -0.43318924334214903)	(-0.9815216971276293, -0.08149384070282124, 0.17312972502800947)	(-0.14810884382634426, 0.8964249525060857, -0.4177152798348655)	(-0.12115658658355477, -0.4356386564762869, -0.8919305037336841)	0.5976485800165636	-0.8017368651218659	0.005845845426201211
2012-01-04T07:18:08.770 (TCB)	(-3.4537000880027916E10, 1.3243958404020587E11, 5.740322124698663E10)	(4.3460698485120032E17, 7.1427416754659904E17, -4.0185317552397824E17)	(0.4684971522208088, 0.7699724265253245, -0.43318924334218223)	(-0.9817302522787188, -0.08023025188700332, 0.172536396553867)	(-0.14672322793520715, 0.8965394634360468, -0.4179584488785013)	(-0.12115278027964546, -0.4356375531889517, -0.8919315596287095)	0.5965164015503431	-0.8025796190371328	0.005842755141188024
2012-01-04T05:30:58.021 (TCB)	(-3.4344932376951946E10, 1.3248092298978497E11, 5.7420867809052505E10)	(1.4427989769440652E24, 2.359496963123187E24, -1.3683973582411998E24)	(0.46757932758266657, 0.7646608848636277, -0.4434674095947264)	(0.42907370632215425, -0.833427210114939, 0.3482740600093222)	(-0.8944114211133448, -0.3381489535020279, 0.2927174130548101)	(-0.12619015157927888, -0.4370976449775007, -0.8905176446340433)	0.5910484588582923	0.8066343636896678	-0.0016500291519603771
2012-01-04T05:31:02.876 (TCB)	(-3.434507740647622E10, 1.3248089186651202E11, 5.742085452385304E10)	(1.442798976944076E24, 2.3594969631231832E24, -1.3683973582411947E24)	(0.46757932758268017, 0.7646608848636378, -0.4434674095946948)	(0.4278109273071633, -0.833903506737281, 0.3486871560766293)	(-0.8950166507714202, -0.33697408445717986, 0.2922219193209252)	(-0.1261863516752687, -0.43709654358605915, -0.890518723689193)	0.5921863735147288	0.8057993337024894	-0.0016531267639966984
2012-01-04T05:31:07.731 (TCB)	(-3.4345222435965652E10, 1.3248086074310838E11, 5.742084123859697E10)	(1.4427989769440867E24, 2.3594969631231797E24, -1.3683973582411896E24)	(0.46757932758269366, 0.7646608848636479, -0.44346740959466313)	(0.4265472945922414, -0.8343781471641298, 0.3490995472477167)	(-0.8956200975505013, -0.3357985445296939, 0.2917258426129369)	(-0.12618255176641827, -0.4370954421931956, -0.8905198027268423)	0.5933231084426753	0.8049626984579791	-0.0016562243716233065
2012-01-04T05:31:12.586 (TCB)	(-3.4345367465420017E10, 1.3248082961957405E11, 5.7420827953284294E10)	(1.4427989769440974E24, 2.3594969631231762E24, -1.3683973582411845E24)	(0.46757932758270715, 0.7646608848636578, -0.44346740959463143)	(0.42528281069671675, -0.834851130449732, 0.34951123269920115)	(-0.8962217602454178, -0.33462233605624325, 0.29122918393441044)	(-0.12617875185274074, -0.43709434079892123, -0.8905208817469841)	0.5944586613756906	0.8041244596242578	-0.0016593219748224383
2012-01-04T05:31:17.442 (TCB)	(-3.4345512494839268E10, 1.3248079849590904E11, 5.742081466791501E10)	(1.4427989769441082E24, 2.3594969631231725E24, -1.3683973582411794E24)	(0.4675793275827207, 0.7646608848636678, -0.4434674095945999)	(0.4240174781394524, -0.8353224556524539, 0.3499222116098055)	(-0.8968216376555861, -0.3334454613728119, 0.2907319442892462)	(-0.1261749519342778, -0.43709323940322725, -0.8905219607496165)	0.5955930300516363	0.8032846188712138	-0.0016624195735806017
2012-01-04T05:31:22.297 (TCB)	(-3.434565752422369E10, 1.3248076737211336E11, 5.742080138248913E10)	(1.442798976944119E24, 2.359496963123169E24, -1.3683973582411743E24)	(0.4675793275827342, 0.7646608848636778, -0.44346740959456826)	(0.42275129943901485, -0.8357921218346733, 0.35033248316036875)	(-0.8974197285849331, -0.3322679228148996, 0.2902341246816271)	(-0.12617115201095264, -0.4370921380061082, -0.8905230397347533)	0.596726212212517	0.8024431778705983	-0.0016655171679437076
2012-01-04T05:31:27.152 (TCB)	(-3.434580255357302E10, 1.3248073624818703E11, 5.7420788097006615E10)	(1.4427989769441296E24, 2.3594969631231652E24, -1.3683973582411692E24)	(0.4675793275827476, 0.7646608848636878, -0.44346740959453657)	(0.4214842771197973, -0.8362601280605348, 0.35074204653179153)	(-0.8980160318389709, -0.33108972272313403, 0.28973572611861304)	(-0.12616735208280516, -0.4370910366075746, -0.8905241187023835)	0.5978582055989918	0.8016001383001016	-0.0016686147578802248
2012-01-04T05:31:32.007 (TCB)	(-3.434594758288751E10, 1.3248070512412994E11, 5.742077481146749E10)	(1.4427989769441404E24, 2.3594969631231617E24, -1.368397358241164E24)	(0.4675793275827612, 0.764660884863698, -0.443467409594505)	(0.42021641370367313, -0.8367264733990378, 0.35115090090776246)	(-0.898610546228761, -0.32991086343556875, 0.28923674960673107)	(-0.12616355214982952, -0.4370899352076165, -0.8905251976525127)	0.5989890079578467	0.8007555018378048	-0.0016717123434030875
2012-01-04T05:31:36.862 (TCB)	(-3.4346092612166664E10, 1.3248067399994225E11, 5.742076152587179E10)	(1.442798976944151E24, 2.3594969631231582E24, -1.3683973582411587E24)	(0.4675793275827746, 0.764660884863708, -0.4434674095944732)	(0.4189477117204923, -0.8371911569201612, 0.3515590454713817)	(-0.899203270565974, -0.32873134729741615, 0.2887371961561578)	(-0.12615975221205225, -0.43708883380624514, -0.8905262765851321)	0.6001186170326246	0.7999092701691651	-0.0016748099244874807
2012-01-04T05:30:24.066 (TCB)	(-3.434391807757873E10, 1.3248114065412715E11, 5.742096072066513E10)	(3.0073121475289514E19, 5.044509904733962E19, -2.897750997445395E19)	(0.45920943082136406, 0.7702846524256869, -0.44247970877532816)	(0.437881176966315, -0.8300499008050946, 0.3453653398608716)	(-0.8901288686033108, -0.3463467304229889, 0.2961663863934948)	(-0.12621672697484146, -0.4371053477802529, -0.8905100975164965)	0.5910492519547836	0.8066352060221832	6.528163907655745E-4
2012-01-04T05:30:28.921 (TCB)	(-3.434406310797976E10, 1.3248110953163255E11, 5.742094743580369E10)	(3.007312147528956E19, 5.044509904733953E19, -2.8977509974453543E19)	(0.4592094308213767, 0.7702846524256992, -0.44247970877529313)	(0.4366244332374103, -0.8305377558595222, 0.34578334449401116)	(-0.8907465359835182, -0.3451766133960446, 0.2956749956126625)	(-0.12621292708801865, -0.43710424639393275, -0.8905111766987684)	0.5921871720132426	0.8058001806489391	6.497454071157421E-4
2012-01-04T05:30:33.776 (TCB)	(-3.434420813834595E10, 1.3248107840900722E11, 5.742093415088565E10)	(3.0073121475289604E19, 5.044509904733945E19, -2.8977509974453133E19)	(0.4592094308213895, 0.7702846524257119, -0.44247970877525816)	(0.43536681824412893, -0.8310239614047179, 0.34620065001831996)	(-0.8913624289900045, -0.3440058091896804, 0.29518301487241805)	(-0.12620912719637295, -0.4371031450061971, -0.8905122558635341)	0.5933239123578936	0.804963550004909	6.466744279064923E-4
2012-01-04T05:30:38.632 (TCB)	(-3.4344353168677273E10, 1.3248104728625119E11, 5.742092086591097E10)	(3.0073121475289645E19, 5.044509904733936E19, -2.8977509974452728E19)	(0.45920943082140203, 0.7702846524257243, -0.4424797087752231)	(0.43410833449169334, -0.8315085164727438, 0.3466172556011587)	(-0.8919765463938052, -0.3428343201292048, 0.29469044516730264)	(-0.12620532729988546, -0.43710204361703925, -0.8905133350107998)	0.5944594707241703	0.8041253157567753	6.436034531210601E-4
2012-01-04T05:30:43.487 (TCB)	(-3.4344498198973305E10, 1.3248101616336456E11, 5.742090758087971E10)	(3.007312147528969E19, 5.044509904733927E19, -2.8977509974452322E19)	(0.4592094308214148, 0.7702846524257367, -0.44247970877518816)	(0.43284898449120124, -0.8319914200973575, 0.3470331604099302)	(-0.8925888869674761, -0.3416621485451286, 0.29419728749468965)	(-0.12620152739858687, -0.4371009422264638, -0.8905144141405584)	0.595593844846132	0.8032854795771799	6.405324827800412E-4
2012-01-04T05:30:48.342 (TCB)	(-3.4344643229234478E10, 1.3248098504034718E11, 5.742089429579185E10)	(3.007312147528973E19, 5.044509904733918E19, -2.8977509974451917E19)	(0.45920943082142746, 0.7702846524257493, -0.44247970877515314)	(0.4315887707472353, -0.8324726713187589, 0.3474483636161917)	(-0.8931994494911323, -0.3404892967616524, 0.29370354284988415)	(-0.12619772749246447, -0.4370998408344736, -0.8905154932528108)	0.5967270324676305	0.8024440431364598	6.374615168799378E-4
2012-01-04T05:30:53.197 (TCB)	(-3.4344788259460556E10, 1.3248095391719916E11, 5.742088101064737E10)	(3.0073121475289776E19, 5.044509904733909E19, -2.897750997445151E19)	(0.4592094308214402, 0.7702846524257617, -0.4424797087751182)	(0.4303276957722642, -0.8329522691780686, 0.3478628643908752)	(-0.8938082327454349, -0.3393157671100818, 0.2932092122317497)	(-0.12619392758150097, -0.43709873944106026, -0.8905165723475635)	0.597859031329329	0.8016010081122517	6.343905554028745E-4
2012-01-04T05:30:58.052 (TCB)	(-3.43449332896518E10, 1.3248092279392041E11, 5.742086772544625E10)	(3.007312147528982E19, 5.044509904733901E19, -2.89775099744511E19)	(0.4592094308214529, 0.7702846524257743, -0.4424797087750831)	(0.4290657620763531, -0.8334302127212635, 0.3482766619076841)	(-0.8944152355165761, -0.3381415619192117, 0.29271429663875287)	(-0.12619012766571805, -0.43709763804622664, -0.8905176514248118)	0.5989898391779612	0.8007563761826212	6.313195983636744E-4
2012-01-04T05:31:02.907 (TCB)	(-3.4345078319807938E10, 1.3248089167051102E11, 5.742085444018855E10)	(3.0073121475289862E19, 5.044509904733892E19, -2.89775099744507E19)	(0.4592094308214656, 0.7702846524257868, -0.4424797087750482)	(0.4278029721754372, -0.8339065009960257, 0.34868975534038565)	(-0.8950204565922948, -0.3369666835230556, 0.2922187970721424)	(-0.12618632774513253, -0.4370965366499797, -0.8905187304845499)	0.600119453758906	0.7999101490315964	6.282486457773816E-4
2012-01-04T07:16:57.914 (TCB)	(-3.453488494283164E10, 1.3244004077502895E11, 5.740341622353286E10)	(3.007312147534676E19, 5.04450990472228E19, -2.8977509973919293E19)	(0.4592094308380517, 0.7702846524421515, -0.44247970872927445)	(-0.978492778038667, -0.0986538471259835, 0.18116095458260115)	(-0.16691439214086662, 0.8946917303585042, -0.4143262886034804)	(-0.12120832911535828, -0.4356536544547683, -0.891916148128956)	0.6055473515288775	-0.795802066435023	-0.0033876413783168933
2012-01-04T07:17:02.770 (TCB)	(-3.453502992700859E10, 1.3244000948046385E11, 5.740340286413185E10)	(3.00731214753468E19, 5.044509904722271E19, -2.8977509973918888E19)	(0.4592094308380643, 0.7702846524421639, -0.44247970872923953)	(-0.9787278771788933, -0.09739271691313915, 0.18057239771728234)	(-0.16553306641124396, 0.8948304274465906, -0.4145808608022284)	(-0.12120452294326, -0.43565255120621055, -0.8919172042434899)	0.6044235246840646	-0.7966559520383198	-0.003390706476515407
2012-01-04T07:17:07.625 (TCB)	(-3.453517491115027E10, 1.3243997818576816E11, 5.7403389504674255E10)	(3.0073121475346846E19, 5.0445099047222624E19, -2.8977509973918487E19)	(0.4592094308380769, 0.7702846524421765, -0.44247970872920456)	(-0.9789610263027176, -0.09613139171057644, 0.17998348313276752)	(-0.16415140955875876, 0.8949673468824774, -0.4148345969865742)	(-0.12120071676649935, -0.435651447956255, -0.8919182603404824)	0.6032984937671516	-0.7975082505735065	-0.0033937715701704116
2012-01-04T07:17:12.480 (TCB)	(-3.453531989525693E10, 1.3243994689094179E11, 5.740337614516004E10)	(3.0073121475346887E19, 5.0445099047222534E19, -2.8977509973918077E19)	(0.45920943083808957, 0.770284652442189, -0.44247970872916964)	(-0.9791922249441848, -0.09486987402200078, 0.17939421201545447)	(-0.16276942433400224, 0.8951024883922666, -0.4150874966542801)	(-0.12119691058496797, -0.4356503447048795, -0.8919193164199589)	0.6021722610175569	-0.7983589603440999	-0.0033968366593602425
2012-01-04T07:17:17.335 (TCB)	(-3.4535464879328316E10, 1.3243991559598477E11, 5.740336278558925E10)	(3.007312147534693E19, 5.044509904722244E19, -2.897750997391767E19)	(0.4592094308381022, 0.7702846524422013, -0.4424797087291346)	(-0.9794214726404429, -0.09360816635556893, 0.17880458555453382)	(-0.16138711349276053, 0.895235851705137, -0.41533955930397887)	(-0.12119310439873497, -0.4356492414520975, -0.8919203724819041)	0.6010448286807882	-0.7992080796539858	-0.0033999017440358784
2012-01-04T07:17:22.190 (TCB)	(-3.45356098633644E10, 1.3243988430089717E11, 5.740334942596187E10)	(3.0073121475346977E19, 5.044509904722235E19, -2.897750997391726E19)	(0.4592094308381149, 0.7702846524422139, -0.4424797087290997)	(-0.979648768932922, -0.09234627121776905, 0.17821460493886476)	(-0.1600044797891904, 0.8953674365540348, -0.415590784436398)	(-0.12118929820779493, -0.43564813819790066, -0.8919214285263221)	0.5999161990028882	-0.8000556068116266	-0.003402966824207977
2012-01-04T07:17:27.045 (TCB)	(-3.453575484736524E10, 1.3243985300567894E11, 5.740333606627792E10)	(3.0073121475347018E19, 5.044509904722226E19, -2.897750997391686E19)	(0.4592094308381275, 0.7702846524422264, -0.4424797087290648)	(-0.9798741133669333, -0.09108419111551805, 0.17762427135802025)	(-0.15862152597815113, 0.8954972426754195, -0.4158411715539695)	(-0.12118549201212678, -0.43564703494230644, -0.8919224845532072)	0.5987863742323275	-0.8009015401286226	-0.003406031899870433
2012-01-04T07:17:31.900 (TCB)	(-3.4535899831331024E10, 1.3243982171033003E11, 5.740332270653737E10)	(3.0073121475347063E19, 5.044509904722217E19, -2.8977509973916455E19)	(0.45920943083814014, 0.7702846524422389, -0.4424797087290298)	(-0.9800975054920554, -0.08982192855393024, 0.17703358600127983)	(-0.15723825481276654, 0.8956252698095212, -0.4160907201612052)	(-0.12118168581173128, -0.4356459316852952, -0.8919235405625695)	0.5976553566180194	-0.8017458779211959	-0.0034090969710424556
2012-01-04T07:17:36.755 (TCB)	(-3.453604481526154E10, 1.3243979041485052E11, 5.740330934674021E10)	(3.0073121475347104E19, 5.044509904722209E19, -2.8977509973916045E19)	(0.45920943083815274, 0.7702846524422515, -0.4424797087289948)	(-0.980318944861005, -0.08855948604269889, 0.17644255006060885)	(-0.15585466905142342, 0.8957515176996614, -0.4163394297634971)	(-0.12117787960663362, -0.43564482842687785, -0.8919245965543998)	0.5965231484150328	-0.8025886185059221	-0.0034121620376996713
2012-01-04T01:16:53.339 (TCB)	(-3.3889377703817024E10, 1.3257800335061829E11, 5.7462303202694E10)	(1.4208618542381762E24, 2.3638257862046577E24, -1.3837938359444623E24)	(0.46046999005829736, 0.7660637608937687, -0.44845706851034955)	(-0.9765832321298579, -0.08860921286463964, 0.1960448615076304)	(-0.1649675559741929, 0.8933448652316932, -0.41799597766483865)	(-0.13809737956903043, -0.4405489072815502, -0.887043265639066)	0.6055476099705425	-0.7958022036079702	0.0033082913508201976
