34331     0.000000000000000E+00  -9.008455300293542E-01  -3.983154746019140E-01  -1.726908038049038E-01   2.764774012490444E-14  -3.977769829017035E-01   9.174821370869397E-01  -4.341397597849474E-01   8.265096820765439E-01   3.583356169955734E-01  -5.389980419306548E-01  -5.570422713930394E-01   6.318109042080576E-01  -5.389980419306992E-01   8.039837690843396E-02  -8.384612166256479E-01
726592    1.901285155516304E-06  -9.007029157763975E-01  -4.052072387772840E-01  -1.566567941532850E-01   1.574300832445323E-02  -3.908051976756045E-01   9.203387719522783E-01  -4.341502219287604E-01   8.264855661850488E-01   3.583785619801880E-01  -5.262985668715458E-01  -5.555796139468199E-01   6.436933362057273E-01  -5.515268577579364E-01   7.068869536730360E-02  -8.311565637826157E-01
44728     3.802570311032608E-06  -9.002852035858754E-01  -4.119769794167899E-01  -1.405756758296285E-01   3.148103310610990E-02  -3.837140105681344E-01   9.229152196427848E-01  -4.341606808071304E-01   8.264614489039011E-01   3.584215070510607E-01  -5.134384870314694E-01  -5.539482756045531E-01   6.553794534386760E-01  -5.638870826389174E-01   6.095635229683813E-02  -8.235992236201019E-01
1150564   5.703855466548912E-06  -8.995925240632565E-01  -4.186226278952959E-01  -1.244523445481674E-01   4.720926762071172E-02  -3.765055572113607E-01   9.252107059690127E-01  -4.341711364199781E-01   8.264373302332121E-01   3.584644522080055E-01  -5.004217319610511E-01  -5.521487298402676E-01   6.668657063583949E-01  -5.760749433119469E-01   5.120429658968245E-02  -8.157915050421235E-01
761183    7.605140622065216E-06  -8.986250917936151E-01  -4.251421529635194E-01  -1.082917086967450E-01   6.292290818639550E-02  -3.691820090752281E-01   9.272245422768667E-01  -4.341815887670544E-01   8.264132101731685E-01   3.585073974508680E-01  -4.872522790202276E-01  -5.501815012061200E-01   6.781486063689688E-01  -5.880867192001454E-01   4.143548349082449E-02  -8.077357930711570E-01
      
